2495819
2495831
2504978
2522404
2539494
2539497
2558438
2560100
2638867
2665648
2812713
2812714
2824333
2828317
2902226
2902228
2947667
2949213
3004807
3015972
3109354
3155447
4395367
4407253
4407254
4408222
4427965
4435939
4477038
4482572
4515603
4516999
4517675
4520032
4522160
4522418
4522975
4523162
4524941
4526185
4526237
4526288
4526293
4526976
4527291
4527375
4529578
4530976
4531957
4531965
4532213
4533772
4534440
4534880
4535237
4536152
4536524
4537603
4538212
4538531
4539621
4540130
4540562
4540925
4541137
4541882
4542174
4542183
4542252
4542898
4542956
4543202
4543953
4544234
4545016
4545178
4549946
4552210
4553575
4555219
4556713
4557469
4558179
4559280
4559282
4559701
4559850
4560614
4563860
4563862
4564449
4567263
4568017
4570490
4571721
4572251
4572632
4572733
4573083
4574236
4574394
4574645
4574668
4574957
4576973
4580676
4594219
4595900
4613319
4614554
4635465
4655766
