027
390
129
347
334
389
222
109
054
178
381
349
319
238
088
299
314
180
373
242
322
312
320
395
173
015
192
078
377
335
101
267
369
110
135
066
272
315
047
059
382
056
159
264
199
189
201
165
057
050
193
344
229
025
355
074
321
218
020
275
187
169
081
162
024
333
005
237
148
152
086
155
240
087
185
051
149
062
068
163
182
099
117
102
164
097
213
225
179
374
022
376
280
188
307
311
177
273
031
386
228
063
157
103
359
357
236
340
042
383
003
360
331
137
371
075
215
258
017
241
196
036
294
289
207
313
043
338
116
341
035
298
037
093
111
098
246
285
100
181
278
330
297
190
142
112
176
144
269
367
170
172
023
158
133
339
372
279
317
067
296
379
120
239
146
306
284
388
291
301
282
171
304
006
124
175
008
139
138
077
227
019
150
350
292
361
147
290
220
108
255
033
244
026
107
384
259
219
276
060
143
122
076
257
106
368
358
115
378
287
160
028
004
045
167
262
141
123
214
184
121
014
328
134
085
072
353
166
048
104
082
001
400
038
345
145
226
310
206
231
308
281
277
223
324
224
364
070
174
071
130
233
245
221
197
039
356
302
274
263
186
040
363
105
018
080
032
253
046
326
010
216
126
084
113
271
293
154
053
392
002
016
092
210
211
011
362
009
021
029
030
303
089
398
012
254
249
136
128
391
