2495819
2495831
2504978
2522404
2539494
2539497
2539767
2551924
2558438
2560100
2638867
2665648
2665969
2684937
2731140
2754140
2754142
2801671
2801673
2804506
2805012
2805637
2805638
2812713
2812714
2824333
2828317
2887318
2895692
2902226
2902228
2908200
2908202
2947667
2949213
3004807
3015972
3023828
3030614
3058243
3058244
3109354
3109692
3115182
3155447
3164509
3186411
3186414
3220605
4386077
4389889
4395367
4407253
4407254
4408222
4427965
4435939
4453272
4453494
4477038
4482572
4486120
4505769
4511471
4513889
4515603
4516999
4517450
4517675
4518692
4520032
4522160
4522418
4522750
4522975
4523162
4523941
4524845
4524941
4525268
4526149
4526185
4526237
4526288
4526293
4526499
4526976
4527291
4527375
4527690
4528425
4528969
4528990
4529578
4530976
4531957
4531965
4532213
4533045
4533728
4533772
4533808
4533809
4534188
4534440
4534523
4534880
4535237
4536152
4536504
4536524
4537603
4538212
4538531
4539621
4540130
4540562
4540925
4541137
4541394
4541882
4542094
4542174
4542183
4542252
4542898
4542956
4543202
4543953
4544234
4545016
4545178
4549946
4550608
4551281
4552200
4552210
4553119
4553140
4553232
4553575
4553875
4554026
4554759
4555169
4555219
4556713
4556962
4557138
4557190
4557469
4558179
4558480
4559280
4559282
4559701
4559850
4560614
4562828
4563115
4563860
4563862
4564449
4564688
4565377
4565519
4565686
4565825
4566013
4566568
4567263
4567504
4568017
4568032
4568156
4568220
4568946
4569602
4569604
4570490
4571721
4572251
4572632
4572733
4573083
4573528
4573639
4574236
4574394
4574403
4574645
4574668
4574721
4574957
4575213
4575448
4576147
4576973
4577558
4578931
4579045
4579051
4579307
4579829
4580024
4580172
4580220
4580676
4581430
4581653
4581728
4582694
4582727
4583584
4584480
4585053
4586235
4593760
4593762
4594219
4595900
4596164
4604533
4605250
4608324
4608357
4609045
4613319
4614554
4620639
4622590
4624532
4626474
4631347
4631349
4631457
4634640
4635465
4635629
4645998
4646404
4655766
