2539767
2551924
2665969
2684937
2731140
2754140
2754142
2801671
2801673
2804506
2805012
2805637
2805638
2887318
2895692
2908200
2908202
3023828
3030614
3058243
3058244
3109692
3115182
3164509
3186411
3186414
3220605
4386077
4389889
4453272
4453494
4486120
4505769
4511471
4513889
4517450
4518692
4522750
4523941
4524845
4525268
4526149
4526499
4527690
4528425
4528969
4528990
4533045
4533728
4533808
4533809
4534523
4536504
4541394
4542094
4550608
4551281
4552200
4553119
4553140
4553232
4554026
4554759
4555169
4556962
4557138
4557190
4558480
4562828
4563115
4564688
4565377
4565519
4565686
4565825
4566013
4566568
4567504
4568156
4568220
4568946
4569602
4569604
4573528
4573639
4574403
4574721
4575213
4575448
4576147
4577558
4578931
4579045
4579051
4579307
4579829
4580024
4580220
4581430
4581653
4581728
4582694
4582727
4583584
4586235
4596164
4605250
4608324
4608357
4620639
4626474
4634640
