366
208
318
195
194
336
329
399
013
125
252
203
114
061
248
064
234
393
332
348
243
365
235
069
265
058
342
198
044
007
351
270
288
380
205
132
397
247
283
396
346
286
295
091
352
316
309
217
049
156
212
151
305
119
079
385
394
375
041
118
209
083
096
183
052
250
073
370
200
095
230
034
204
153
055
260
065
090
161
300
191
131
323
127
261
266
202
337
268
094
343
354
256
251
325
168
387
327
140
232
027
390
129
347
334
389
222
109
054
178
381
349
319
238
088
299
314
180
373
242
322
312
320
395
173
015
192
078
377
335
101
267
369
110
135
066
272
315
047
059
382
056
159
264
199
189
201
165
057
050
193
344
229
025
355
074
321
218
020
275
187
169
081
162
024
333
005
237
148
152
086
155
240
087
185
051
149
062
068
163
182
099
117
102
164
097
213
225
179
374
022
376
280
188
307
311
177
273
031
386
143
122
076
257
106
368
358
115
378
287
160
028
004
045
167
262
141
123
214
184
121
014
328
134
085
072
353
166
048
104
082
001
400
038
345
145
226
310
206
231
308
281
277
223
324
224
364
070
174
071
130
233
245
221
197
039
356
302
274
263
186
040
363
105
018
080
032
253
046
326
010
216
126
084
113
271
293
154
053
392
002
016
092
210
211
011
362
009
021
029
030
303
089
398
012
254
249
136
128
391
