366
208
318
195
194
336
329
399
013
125
252
203
114
061
248
064
234
393
332
348
243
365
235
069
265
058
342
198
044
007
351
270
288
380
205
132
397
247
283
396
346
286
295
091
352
316
309
217
049
156
212
151
305
119
079
385
394
375
041
118
209
083
096
183
052
250
073
370
200
095
230
034
204
153
055
260
065
090
161
300
191
131
323
127
261
266
202
337
268
094
343
354
256
251
325
168
387
327
140
232
027
390
129
347
334
389
222
109
054
178
381
349
319
238
088
299
314
180
373
242
322
312
320
395
173
015
192
078
377
335
101
267
369
110
135
066
272
315
047
059
382
056
159
264
199
189
201
165
057
050
193
344
229
025
355
074
321
218
020
275
187
169
081
162
024
333
005
237
148
152
086
155
240
087
185
051
149
062
068
163
182
099
117
102
164
097
213
225
179
374
022
376
280
188
307
311
177
273
031
386
228
063
157
103
359
357
236
340
042
383
003
360
331
137
371
075
215
258
017
241
196
036
294
289
207
313
043
338
116
341
035
298
037
093
111
098
246
285
100
181
278
330
297
190
142
112
176
144
269
367
170
172
023
158
133
339
372
279
317
067
296
379
120
239
146
306
284
388
291
301
282
171
304
006
124
175
008
139
138
077
227
019
150
350
292
361
147
290
220
108
255
033
244
026
107
384
259
219
276
060
